20191107191800_308_accelerometer.json
20191107191800_308_accelerometer.json
20191107191800_308_accelerometer.json
20191107191800_308_device_motion.json
20191107191800_308_gyroscope.json
20191107192025_320_device_motion.json
20191107192036_322_device_motion.json
20191107200558_385_accelerometer.json
20191107200558_385_device_motion.json
7
8
9
10
11
12
13
14
15
16
17
18
19
20
21
22
23
24
25
26
27
28
29
30
31
32
33
34
35
36
37
38
39
40
41
42
43
44
45
46
47
48
49
20191107191800_308_accelerometer.json
20191107191800_308_device_motion.json
20191107191800_308_gyroscope.json
20191107192025_320_device_motion.json
20191107192036_322_device_motion.json
20191107200558_385_accelerometer.json
20191107200558_385_device_motion.json
20191108092842_467_device_motion.json
20191108092910_468_device_motion.json
20191108101649_496_accelerometer.json
20191108110732_549_device_motion.json
20191108121828_595_device_motion.json
20191108173152_721_device_motion.json
20191109103430_905_accelerometer.json
20191109151608_988_accelerometer.json
20191109151723_992_accelerometer.json
20191109195733_1159_device_motion.json
20191110114303_1310_accelerometer.json
20191110161313_1383_device_motion.json
20191110161916_1395_accelerometer.json
20191110171332_1435_accelerometer.json
20191110180400_1467_accelerometer.json
20191110180400_1467_gyroscope.json
23
24
25
26
27
28
29
30
31
32
33
34
35
36
37
38
39
40
41
42
43
44
45
46
47
48
49
20191107191800_308_accelerometer.json
20191107191800_308_device_motion.json
20191107191800_308_gyroscope.json
20191107192025_320_device_motion.json
20191107192036_322_device_motion.json
20191107200558_385_accelerometer.json
20191107200558_385_device_motion.json
20191108092842_467_device_motion.json
20191108092910_468_device_motion.json
20191108101649_496_accelerometer.json
20191108110732_549_device_motion.json
20191108121828_595_device_motion.json
20191108173152_721_device_motion.json
20191109103430_905_accelerometer.json
20191109151608_988_accelerometer.json
20191109151723_992_accelerometer.json
20191109195733_1159_device_motion.json
20191110114303_1310_accelerometer.json
20191110161313_1383_device_motion.json
20191110161916_1395_accelerometer.json
20191110171332_1435_accelerometer.json
20191110180400_1467_accelerometer.json
20191110180400_1467_gyroscope.json
23
24
25
26
27
28
29
30
31
32
33
34
35
36
37
38
39
40
41
42
43
44
45
46
47
48
49
50
51
52
53
54
55
56
57
58
59
60
61
62
63
64
65
66
67
68
69
70
71
72
73
74
75
76
77
78
79
80
81
82
83
84
85
86
87
88
89
90
91
92
93
94
95
96
97
98
99
20191107191800_308_accelerometer.json
20191107191800_308_device_motion.json
20191107191800_308_gyroscope.json
20191107192025_320_device_motion.json
20191107192036_322_device_motion.json
20191107200558_385_accelerometer.json
20191107200558_385_device_motion.json
20191108092842_467_device_motion.json
20191108092910_468_device_motion.json
20191108101649_496_accelerometer.json
20191108110732_549_device_motion.json
20191108121828_595_device_motion.json
20191108173152_721_device_motion.json
20191109103430_905_accelerometer.json
20191109151608_988_accelerometer.json
20191109151723_992_accelerometer.json
20191109195733_1159_device_motion.json
20191110114303_1310_accelerometer.json
20191110161313_1383_device_motion.json
20191110161916_1395_accelerometer.json
20191110171332_1435_accelerometer.json
20191110180400_1467_accelerometer.json
20191110180400_1467_gyroscope.json
23
24
25
26
27
28
29
30
31
32
33
34
35
36
37
38
39
40
41
42
43
44
45
46
47
48
49
50
51
52
53
54
55
56
57
58
59
60
61
62
63
64
65
66
67
68
69
70
71
72
73
74
75
76
77
78
79
80
81
82
83
84
85
86
87
88
89
90
91
92
93
94
95
96
97
98
99
20191107191800_308_accelerometer.json
20191107191800_308_device_motion.json
20191107191800_308_gyroscope.json
20191107192025_320_device_motion.json
20191107192036_322_device_motion.json
20191107200558_385_accelerometer.json
20191107200558_385_device_motion.json
20191108092842_467_device_motion.json
20191108092910_468_device_motion.json
20191108101649_496_accelerometer.json
20191108110732_549_device_motion.json
20191108121828_595_device_motion.json
20191108173152_721_device_motion.json
20191109103430_905_accelerometer.json
20191109151608_988_accelerometer.json
20191109151723_992_accelerometer.json
20191109195733_1159_device_motion.json
20191110114303_1310_accelerometer.json
20191110161313_1383_device_motion.json
20191110161916_1395_accelerometer.json
20191110171332_1435_accelerometer.json
20191110180400_1467_accelerometer.json
20191110180400_1467_gyroscope.json
23
24
25
26
27
28
29
30
31
32
33
34
35
36
37
38
39
40
41
42
43
44
45
46
47
48
49
50
51
52
53
54
55
56
57
58
59
60
61
62
63
64
65
66
67
68
69
70
71
72
73
74
75
76
77
78
79
80
81
82
83
84
85
86
87
88
89
90
91
92
93
94
95
96
97
98
99
20191107191800_308_accelerometer.json
20191107191800_308_device_motion.json
20191107191800_308_gyroscope.json
20191107192025_320_device_motion.json
20191107192036_322_device_motion.json
20191107200558_385_accelerometer.json
20191107200558_385_device_motion.json
20191108092842_467_device_motion.json
20191108092910_468_device_motion.json
20191108101649_496_accelerometer.json
20191108110732_549_device_motion.json
20191108121828_595_device_motion.json
20191108173152_721_device_motion.json
20191109103430_905_accelerometer.json
20191109151608_988_accelerometer.json
20191109151723_992_accelerometer.json
20191109195733_1159_device_motion.json
20191110114303_1310_accelerometer.json
20191110161313_1383_device_motion.json
20191110161916_1395_accelerometer.json
20191110171332_1435_accelerometer.json
20191110180400_1467_accelerometer.json
20191110180400_1467_gyroscope.json
23
24
25
26
27
28
29
30
31
32
33
34
35
36
37
38
39
40
41
42
43
44
45
46
47
48
49
50
51
52
53
54
55
56
57
58
59
60
61
62
63
64
65
66
67
68
69
70
71
72
73
74
75
76
77
78
79
80
81
82
83
84
85
86
87
88
89
90
91
92
93
94
95
96
97
98
99
20191107191800_308_accelerometer.json
20191107191800_308_device_motion.json
20191107191800_308_gyroscope.json
20191107192025_320_device_motion.json
20191107192036_322_device_motion.json
20191107200558_385_accelerometer.json
20191107200558_385_device_motion.json
20191108092842_467_device_motion.json
20191108092910_468_device_motion.json
20191108101649_496_accelerometer.json
20191108110732_549_device_motion.json
20191108121828_595_device_motion.json
20191108173152_721_device_motion.json
20191109103430_905_accelerometer.json
20191109151608_988_accelerometer.json
20191109151723_992_accelerometer.json
20191109195733_1159_device_motion.json
20191110114303_1310_accelerometer.json
20191110161313_1383_device_motion.json
20191110161916_1395_accelerometer.json
20191110171332_1435_accelerometer.json
20191110180400_1467_accelerometer.json
20191110180400_1467_gyroscope.json
20191111102036_1620_device_motion.json
24
25
26
27
28
29
30
31
32
33
34
35
36
37
38
39
40
41
42
43
44
45
46
47
48
49
50
51
52
53
54
55
56
57
58
59
60
61
62
63
64
65
66
67
68
69
70
71
72
73
74
75
76
77
78
79
80
81
82
83
84
85
86
87
88
89
90
91
92
93
94
95
96
97
98
99
20191107191800_308_accelerometer.json
20191107191800_308_device_motion.json
20191107191800_308_gyroscope.json
20191107192025_320_device_motion.json
20191107192036_322_device_motion.json
20191107200558_385_accelerometer.json
20191107200558_385_device_motion.json
20191108092842_467_device_motion.json
20191108092910_468_device_motion.json
20191108101649_496_accelerometer.json
20191108110732_549_device_motion.json
20191108121828_595_device_motion.json
20191108173152_721_device_motion.json
20191109103430_905_accelerometer.json
20191109151608_988_accelerometer.json
20191109151723_992_accelerometer.json
20191109195733_1159_device_motion.json
20191110114303_1310_accelerometer.json
20191110161313_1383_device_motion.json
20191110161916_1395_accelerometer.json
20191110171332_1435_accelerometer.json
20191110180400_1467_accelerometer.json
20191110180400_1467_gyroscope.json
20191111102036_1620_device_motion.json
24
25
26
27
28
29
30
31
32
33
34
35
36
37
38
39
40
41
42
43
44
45
46
47
48
49
50
51
52
53
54
55
56
57
58
59
60
61
62
63
64
65
66
67
68
69
70
71
72
73
74
75
76
77
78
79
80
81
82
83
84
85
86
87
88
89
90
91
92
93
94
95
96
97
98
99
0
1
2
3
4
5
6
7
8
9
10
11
12
13
14
15
16
17
18
19
20
21
22
23
24
25
26
27
28
29
30
31
32
33
34
35
36
37
38
39
40
41
42
43
44
45
46
47
48
49
50
51
52
53
54
55
56
57
58
59
60
61
62
63
64
65
66
67
68
69
70
71
72
73
74
75
76
77
78
79
80
81
82
83
84
85
86
87
88
89
90
91
92
93
94
95
96
97
98
99
0
1
2
3
4
5
6
7
8
9
10
11
12
13
14
15
16
17
18
19
20
21
22
23
24
25
26
27
28
29
30
31
32
33
34
35
36
37
38
39
40
41
42
43
44
45
46
47
48
49
50
51
52
53
54
55
56
57
58
59
60
61
62
63
64
65
66
67
68
69
70
71
72
73
74
75
76
77
78
79
80
81
82
83
84
85
86
87
88
89
90
91
92
93
94
95
96
97
98
99
0
1
2
3
4
5
6
7
8
9
10
11
12
13
14
15
16
17
18
19
20
21
22
23
24
25
26
27
28
29
30
31
32
33
34
35
36
37
38
39
40
41
42
43
44
45
46
47
48
49
50
51
52
53
54
55
56
57
58
59
60
61
62
63
64
65
66
67
68
69
70
71
72
73
74
75
76
77
78
79
80
81
82
83
84
85
86
87
88
89
90
91
92
93
94
95
96
97
98
99
20191107191800_308_accelerometer.json
20191107191800_308_device_motion.json
20191107191800_308_gyroscope.json
20191107192025_320_device_motion.json
20191107192036_322_device_motion.json
20191107200558_385_accelerometer.json
20191107200558_385_device_motion.json
20191108092842_467_device_motion.json
20191108092910_468_device_motion.json
20191108101649_496_accelerometer.json
20191108110732_549_device_motion.json
20191108121828_595_device_motion.json
20191108173152_721_device_motion.json
20191109103430_905_accelerometer.json
20191109151608_988_accelerometer.json
20191109151723_992_accelerometer.json
20191109195733_1159_device_motion.json
20191110114303_1310_accelerometer.json
20191110161313_1383_device_motion.json
20191110161916_1395_accelerometer.json
20191110171332_1435_accelerometer.json
20191110180400_1467_accelerometer.json
20191110180400_1467_gyroscope.json
20191111102036_1620_device_motion.json
24
25
26
27
28
29
30
31
32
33
34
35
36
37
38
39
40
41
42
43
44
45
46
47
48
49
50
51
52
53
54
55
56
57
58
59
60
61
62
63
64
65
66
67
68
69
70
71
72
73
74
75
76
77
78
79
80
81
82
83
84
85
86
87
88
89
90
91
92
93
94
95
96
97
98
99
